33
21
30
73
0
25
12
97
40
41
30
80
88
16
26
39
49
77
25
39
49
53
12
80
30
69
25
71
76
35
97
56
83
79
79
64
59
86
92
10
56
38
71
55
2
88
85
12
51
88
89
29
67
27
21
40
1
45
84
72
70
94
1
42
85
57
36
58
25
27
1
56
20
30
21
61
36
94
51
90
72
64
18
63
8
63
68
96
80
37
75
9
28
68
6
89
90
87
4
54
7
49
30
40
24
64
71
96
28
77
46
52
100
36
57
49
13
20
63
58
22
58
6
73
61
58
63
30
61
47
81
0
11
51
61
71
42
43
69
3
64
3
15
88
98
85
88
12
100
38
80
20
6
52
70
12
69
73
3
60
62
100
50
55
39
5
13
54
57
90
33
46
93
18
42
0
96
61
64
24
50
53
21
100
24
69
11
83
69
76
25
76
35
61
79
45
97
63
41
40
55
25
43
73
74
89
40
43
49
12
35
8
83
47
55
72
95
92
73
45
94
46
97
92
3
29
46
51
81
100
43
87
55
68
60
22
100
82
89
66
7
68
83
68
29
55
52
46
61
54
71
57
14
57
6
61
66
78
71
83
90
27
82
28
63
61
45
27
23
92
93
39
16
84
20
91
40
9
28
93
43
42
26
52
81
58
58
96
76
82
81
41
28
47
97
31
38
21
5
58
54
0
99
72
0
20
96
22
32
13
42
67
18
2
73
39
72
70
92
57
68
12
81
88
69
43
69
70
11
99
28
8
20
45
100
95
46
17
99
65
58
3
80
67
72
84
35
19
50
73
44
22
16
31
33
38
45
58
61
68
57
88
54
74
19
90
49
36
69
77
43
81
86
2
21
12
77
50
89
62
45
97
98
12
67
60
91
97
8
33
19
88
53
95
72
28
88
76
45
87
67
20
32
48
62
9
70
77
82
56
89
29
42
26
9
100
90
35
67
97
95
73
12
51
80
92
33
50
74
71
4
70
31
27
23
19
70
3
80
29
20
64
40
44
40
59
49
32
81
73
2
61
82
91
21
91
69
61
94
56
26
75
79
43
75
86
7
69
7
61
91
82
71
79
38
90
65
36
89
42
48
53
16
90
2
25
7
19
94
28
60
6
45
98
0
12
77
16
20
63
28
65
9
59
34
91
13
10
53
13
54
67
51
86
96
7
80
15
52
11
46
41
58
78
71
70
4
14
84
11
65
18
9
95
87
52
18
51
60
3
66
58
63
3
50
38
62
31
79
6
13
75
83
56
66
74
39
49
87
96
23
15
7
80
75
83
17
70
51
93
88
38
16
30
41
62
7
88
20
22
72
4
74
94
37
65
93
63
89
80
48
100
95
8
77
63
1
89
21
49
6
65
86
45
29
97
65
100
93
4
58
76
23
49
16
11
68
80
34
74
56
25
83
1
92
97
41
8
10
88
25
6
12
2
8
82
95
81
29
53
33
4
8
86
32
12
18
13
16
29
76
53
23
28
54
19
2
88
46
93
86
41
81
74
45
11
60
68
31
83
56
35
62
35
14
40
72
6
9
86
44
49
1
47
18
39
27
10
97
81
19
33
1
0
69
32
25
10
33
73
40
36
67
10
50
39
65
98
65
73
90
61
18
51
81
36
2
62
99
55
74
90
59
35
32
51
51
81
40
60
86
61
63
50
65
57
87
65
83
42
28
92
83
57
49
66
2
22
33
5
24
0
51
18
98
61
75
64
91
12
79
90
85
7
56
77
18
60
85
71
77
83
86
10
48
55
61
17
94
51
53
85
66
2
25
96
40
73
29
23
32
85
19
26
44
71
4
47
46
27
67
57
45
40
79
44
12
32
43
84
6
89
25
75
72
49
94
22
28
74
83
22
83
94
28
4
85
84
14
35
90
16
24
56
27
85
68
97
85
65
57
24
31
36
83
74
35
35
31
7
17
100
31
47
91
92
71
99
69
37
65
75
88
33
43
15
17
13
1
4
13
37
77
32
26
26
34
27
21
2
78
64
6
27
16
75
63
97
85
27
54
36
76
67
64
12
65
73
49
36
23
11
16
41
4
35
27
8
53
12
49
1
49
18
62
31
39
97
64
84
56
93
25
29
5
20
64
6
61
74
39
6
63
83
21
64
79
10
61
42
7
9
43
9
9
51
19
98
35
4
30
86
94
46
68
46
94
11
33
54
27
41
67
24
92
72
77
21
22
24
83
31
57
7
66
70
70
4
53
96
36
33
64
25
91
35
80
0
9
84
18
17
99
42
50
15
82
64
57
100
